





win [[8, 26, 30]] [2, 8, 18, 22, 29]
win [[8, 26, 30]] [23, 26, 31, 34, 35]
win [[8, 26, 30], [10, 18, 30]] [3, 14, 26, 29, 37]
win [[8, 26, 30]] [4, 9, 26, 29, 31]
win [[8, 26, 30]] [4, 8, 12, 23, 29]
lose [[8, 26, 30]] [4, 7, 11, 12, 29]
win [[8, 26, 30]] [4, 6, 26, 28, 39]
lose [[26, 29, 30], [29, 30, 31]] [6, 12, 18, 34, 39]
lose [[26, 29, 30]] [1, 3, 12, 28, 34]
win [[6, 29, 35]] [5, 6, 15, 19, 25]
lose [[6, 29, 34]] [8, 12, 14, 28, 35]
lose [[6, 29, 34]] [4, 12, 13, 14, 22]
win [[6, 12, 29]] [6, 8, 16, 19, 31]
lose [[12, 26, 29]] [1, 5, 15, 19, 20]
win [[6, 12, 26]] [6, 10, 12, 33, 36]
win [[12, 19, 26]] [2, 16, 19, 24, 27]
lose [[4, 12, 19]] [9, 18, 29, 32, 38]
lose [[6, 12, 19]] [8, 17, 18, 25, 36]
win [[6, 12, 19]] [2, 3, 6, 23, 38]
win [[12, 18, 19]] [16, 19, 23, 36, 38]
win [[12, 18, 19]] [11, 12, 27, 30, 38]
win [[12, 19, 38]] [1, 7, 19, 21, 31]
lose [[12, 19, 38]] [13, 15, 18, 22, 24]
lose [[12, 19, 38]] [3, 15, 16, 28, 31]
lose [[12, 18, 19]] [1, 13, 25, 26, 27]
win [[15, 19, 38], [18, 19, 38]] [13, 15, 17, 28, 37]
win [[15, 19, 38], [18, 19, 38]] [22, 32, 35, 38, 39]
lose [[13, 16, 38], [13, 19, 38], [15, 19, 38], [15, 27, 38], [13, 36, 38], [15, 36, 38]] [4, 17, 25, 26, 34]
lose [[13, 16, 38], [13, 19, 38], [15, 19, 38], [15, 27, 38]] [7, 27, 30, 31, 39]
lose [[15, 25, 38]] [5, 6, 16, 31, 34]
lose [[13, 31, 38], [15, 25, 38], [17, 31, 38], [25, 31, 38]] [9, 12, 16, 28, 37]
lose [[13, 31, 38]] [4, 23, 24, 32, 37]
lose [[13, 31, 38]] [5, 17, 25, 35, 39]
win [[13, 31, 37], [27, 31, 37]] [9, 22, 25, 27, 31]
lose [[25, 31, 37]] [8, 12, 18, 20, 32]
lose [[25, 31, 37]] [14, 24, 30, 32, 38]
win [[25, 31, 32], [25, 31, 37]] [2, 17, 25, 29, 37]
lose [[25, 31, 32], [25, 32, 37]] [2, 11, 16, 17, 37]
win [[17, 31, 32]] [7, 11, 13, 17, 27]
win [[16, 25, 32], [17, 31, 32]] [8, 11, 12, 16, 30]
lose [[17, 31, 32]] [4, 6, 27, 38, 39]
lose [[16, 17, 32]] [5, 21, 31, 33, 38]
lose [[16, 17, 32]] [6, 8, 23, 27, 33]
lose [[12, 17, 38]] [26, 30, 32, 36, 37]
lose [[17, 27, 32]] [1, 4, 9, 24, 37]
win [[17, 27, 30], [17, 27, 32]] [8, 16, 17, 34, 35]
lose [[8, 27, 37], [27, 30, 37], [27, 32, 37], [27, 37, 38]] [4, 9, 25, 32, 39]
win [[8, 37, 38]] [1, 8, 19, 21, 37]
win [[4, 17, 30], [8, 37, 38]] [5, 9, 10, 17, 19]
lose [[4, 8, 37], [8, 27, 37]] [15, 19, 22, 24, 39]
lose [[4, 8, 17]] [11, 26, 30, 38, 39]
win [[4, 8, 19], [8, 9, 39], [8, 37, 39], [4, 8, 17], [8, 9, 27], [8, 17, 39]] [8, 15, 33, 35, 39]
lose [[8, 9, 39], [8, 37, 39]] [4, 7, 14, 22, 24]
lose [[8, 9, 39], [8, 37, 39]] [2, 10, 23, 30, 35]
lose [[4, 8, 39], [8, 9, 39], [8, 24, 39], [8, 37, 39]] [15, 18, 22, 24, 30]
lose [[4, 8, 30], [8, 9, 30], [8, 24, 30]] [9, 15, 25, 26, 33]
lose [[8, 24, 30]] [10, 21, 25, 37, 38]
lose [[8, 9, 24], [9, 24, 35]] [5, 11, 17, 27, 32]
lose [[10, 15, 39]] [3, 7, 22, 30, 37]
win [[10, 15, 39]] [5, 10, 18, 20, 37]
win [[10, 15, 22], [10, 15, 30], [15, 19, 30], [15, 30, 37]] [3, 12, 16, 22, 38]
lose [[10, 15, 22], [10, 15, 30]] [2, 5, 17, 27, 37]
lose [[10, 15, 22]] [5, 12, 33, 36, 38]
win [[15, 22, 37], [5, 22, 30], [15, 30, 37], [22, 30, 37]] [8, 19, 27, 34, 37]
win [[5, 10, 22], [5, 15, 22], [5, 22, 33], [22, 33, 37]] [6, 10, 24, 33, 35]
lose [[5, 22, 37]] [6, 10, 11, 32, 39]
lose [[22, 33, 37], [5, 10, 22], [30, 33, 37]] [2, 5, 9, 10, 32]
lose [[5, 10, 22], [22, 33, 37]] [16, 32, 36, 37, 39]
lose [[32, 33, 37]] [7, 13, 18, 25, 39]
lose [[5, 10, 37]] [2, 21, 26, 27, 35]
win [[5, 10, 37], [5, 37, 39]] [9, 10, 16, 21, 26]
lose [[10, 12, 37], [10, 37, 38]] [6, 7, 22, 23, 33]
lose [[10, 12, 37], [10, 16, 27], [10, 27, 39], [10, 37, 38]] [2, 13, 27, 31, 38]
lose [[10, 27, 33], [10, 27, 39], [10, 33, 37], [10, 16, 27]] [3, 6, 21, 31, 38]
lose [[10, 27, 33], [10, 27, 39]] [9, 11, 24, 37, 39]
win [[6, 10, 27]] [10, 16, 31, 36, 39]
lose [[2, 6, 39], [6, 27, 39], [10, 27, 39]] [8, 18, 20, 27, 31]
win [[2, 6, 39]] [6, 25, 30, 34, 36]
lose [[2, 31, 39], [9, 31, 39], [10, 27, 39], [10, 31, 39], [21, 31, 39]] [1, 5, 6, 37, 38]
lose [[6, 27, 39], [2, 6, 39]] [4, 10, 11, 17, 38]
lose [[6, 27, 39]] [13, 14, 18, 26, 29]
lose [[6, 10, 27], [6, 27, 39]] [3, 5, 17, 31, 36]
win [[6, 26, 31]] [1, 9, 17, 31, 37]
lose [[6, 10, 31]] [4, 9, 16, 32, 33]
win [[6, 11, 31]] [11, 17, 21, 31, 33]
lose [[9, 31, 38]] [15, 20, 33, 34, 39]
lose [[6, 9, 31], [6, 11, 31], [9, 31, 38]] [4, 19, 22, 29, 37]
lose [[31, 33, 37]] [2, 7, 26, 28, 32]
lose [[4, 6, 31], [4, 31, 34]] [10, 14, 21, 27, 29]
lose [[4, 6, 31], [4, 26, 31], [4, 31, 34]] [1, 10, 16, 21, 24]
lose [[17, 29, 33]] [1, 5, 12, 34, 36]
win [[17, 29, 33], [1, 17, 29]] [2, 20, 21, 29, 33]
lose [[1, 17, 29], [17, 29, 33]] [3, 13, 22, 32, 39]
lose [[1, 29, 33]] [7, 10, 11, 36, 39]
win [[1, 21, 32], [1, 29, 33], [1, 32, 33], [17, 21, 32], [21, 31, 32]] [6, 8, 22, 32, 38]
win [[10, 32, 33], [21, 32, 39], [1, 10, 33], [1, 21, 32], [1, 21, 39], [1, 29, 33], [1, 32, 33], [1, 33, 39]] [10, 14, 20, 28, 31]
lose [[10, 32, 33], [21, 32, 39]] [1, 3, 5, 27, 29]
lose [[10, 22, 33], [10, 32, 33]] [5, 7, 26, 34, 35]
lose [[10, 29, 32]] [14, 23, 25, 26, 34]
win [[10, 29, 32]] [1, 7, 24, 30, 32]
win [[5, 10, 32], [10, 32, 34]] [4, 5, 26, 28, 32]
lose [[5, 10, 32], [10, 32, 34]] [3, 7, 27, 29, 34]
lose [[5, 10, 32]] [2, 4, 13, 23, 36]
lose [[29, 32, 34]] [11, 12, 25, 31, 37]
lose [[7, 29, 32]] [4, 5, 9, 27, 34]
win [[7, 14, 32], [7, 23, 32], [7, 25, 32], [7, 31, 32]] [14, 20, 21, 23, 25]
lose [[5, 7, 14], [5, 7, 23], [5, 7, 25], [5, 7, 31]] [3, 12, 15, 27, 35]
win [[5, 7, 23], [5, 7, 25], [5, 7, 14], [5, 14, 32], [5, 23, 32], [5, 25, 32], [14, 32, 34], [23, 32, 34], [25, 32, 34]] [5, 6, 7, 8, 24]
win [[5, 23, 27], [5, 25, 27], [5, 14, 27]] [13, 25, 27, 36, 38]
win [[5, 7, 23], [5, 7, 25], [5, 23, 27], [5, 25, 27]] [5, 11, 14, 30, 38]
lose [[4, 7, 25]] [8, 20, 32, 34, 36]
win [[5, 25, 27]] [16, 27, 33, 34, 36]
lose [[5, 25, 27], [5, 27, 36], [5, 27, 32]] [1, 10, 24, 28, 34]
lose [[5, 27, 36]] [10, 15, 25, 31, 39]
win [[5, 25, 34]] [10, 14, 34, 35, 38]
win [[5, 25, 34], [5, 25, 36]] [8, 10, 16, 21, 34]
lose [[5, 25, 34]] [14, 16, 18, 20, 33]
lose [[5, 25, 34]] [6, 7, 13, 22, 29]
win [[14, 25, 34], [14, 27, 34]] [1, 18, 24, 25, 39]
win [[14, 27, 34]] [1, 10, 14, 27, 37]
lose [[14, 25, 34]] [5, 12, 15, 20, 21]
win [[14, 25, 34]] [5, 6, 7, 34, 36]
win [[14, 15, 34], [14, 25, 34], [14, 34, 39]] [8, 18, 25, 27, 34]
lose [[10, 20, 34]] [4, 8, 9, 22, 37]
win [[10, 18, 34]] [3, 7, 13, 23, 34]
win [[5, 10, 18], [6, 10, 18], [7, 10, 18], [10, 18, 22]] [1, 5, 16, 20, 29]
win [[7, 10, 18]] [11, 18, 26, 29, 37]
lose [[1, 20, 34]] [3, 7, 8, 11, 29]
lose [[20, 34, 37]] [1, 12, 15, 23, 38]
lose [[1, 7, 18], [5, 7, 18], [7, 18, 20], [7, 18, 37]] [2, 13, 15, 17, 29]
win [[1, 7, 8], [1, 7, 18], [1, 7, 37], [1, 29, 34]] [1, 8, 9, 19, 28]
lose [[1, 29, 34]] [8, 13, 19, 22, 26]
win [[1, 29, 34]] [24, 29, 34, 36, 37]
win [[8, 29, 34], [5, 8, 29], [8, 15, 29]] [1, 6, 21, 32, 34]
lose [[8, 29, 34]] [2, 11, 15, 18, 21]
lose [[1, 8, 29], [8, 29, 34]] [9, 12, 24, 28, 39]
win [[1, 8, 29]] [2, 9, 20, 29, 36]
win [[1, 13, 29]] [1, 13, 33, 36, 39]
lose [[1, 2, 29], [1, 8, 29], [1, 9, 29], [1, 11, 29], [1, 15, 29]] [11, 25, 27, 34, 37]
win [[1, 2, 29], [1, 8, 29], [1, 9, 29], [1, 11, 29], [1, 13, 29], [1, 15, 29]] [2, 9, 23, 30, 38]
lose [[1, 11, 29]] [6, 10, 33, 34, 39]
lose [[1, 2, 34]] [11, 13, 20, 24, 30]
win [[9, 13, 34]] [7, 10, 13, 14, 22]
lose [[9, 13, 34]] [5, 14, 15, 20, 26]
lose [[2, 13, 34], [9, 13, 34]] [4, 12, 14, 28, 39]
lose [[2, 13, 34], [9, 13, 34]] [5, 8, 21, 32, 33]
win [[2, 11, 39], [2, 13, 39], [2, 14, 39], [2, 20, 39], [9, 11, 39], [11, 14, 39], [11, 20, 39], [2, 34, 39], [20, 34, 39]] [2, 10, 14, 17, 27]
win [[2, 11, 39], [2, 13, 39], [2, 14, 39], [2, 20, 39], [9, 11, 39], [11, 14, 39], [11, 20, 39]] [3, 11, 20, 30, 36]
lose [[9, 14, 33]] [7, 8, 12, 22, 39]
win [[14, 20, 33]] [13, 28, 33, 34, 39]
win [[11, 14, 39], [14, 30, 39]] [14, 26, 27, 29, 35]
win [[14, 30, 39], [11, 14, 39]] [5, 7, 8, 25, 30]
win [[14, 30, 39]] [2, 14, 17, 21, 33]
win [[14, 30, 39]] [12, 16, 25, 28, 30]
lose [[8, 13, 14], [8, 14, 20], [8, 14, 30], [14, 30, 33], [14, 30, 39]] [1, 4, 18, 24, 33]
lose [[8, 14, 28], [8, 14, 30], [14, 30, 33], [14, 30, 39]] [1, 4, 15, 19, 37]
lose [[14, 30, 33]] [24, 25, 35, 36, 38]
lose [[14, 30, 33]] [1, 2, 9, 10, 32]
lose [[14, 25, 33], [14, 30, 33]] [4, 6, 10, 19, 32]
win [[1, 14, 25], [1, 14, 30]] [12, 14, 20, 25, 37]
lose [[1, 25, 33], [4, 25, 33], [1, 30, 33], [4, 30, 33]] [8, 16, 19, 21, 22]
win [[1, 14, 25], [4, 14, 25], [1, 25, 33], [4, 25, 33]] [1, 18, 22, 29, 30]
lose [[19, 25, 33]] [12, 15, 23, 29, 38]
lose [[1, 19, 25], [1, 14, 25]] [2, 12, 20, 22, 35]
lose [[1, 19, 25]] [13, 18, 20, 23, 31]
lose [[1, 12, 19]] [9, 26, 27, 31, 39]
lose [[1, 12, 19]] [4, 9, 15, 24, 32]
lose [[1, 12, 19], [1, 19, 20]] [2, 13, 31, 34, 37]
win [[9, 12, 19], [9, 19, 20]] [15, 18, 19, 26, 32]
lose [[12, 31, 32], [22, 31, 32]] [6, 13, 33, 37, 38]
lose [[12, 31, 32], [22, 31, 32]] [10, 13, 18, 37, 39]
win [[13, 15, 22], [15, 22, 31], [15, 22, 37], [12, 13, 19], [12, 13, 32], [12, 19, 31], [12, 31, 32], [13, 22, 32], [22, 31, 32], [22, 32, 37]] [1, 7, 13, 20, 26]
win [[13, 15, 22], [15, 22, 37]] [15, 18, 20, 30, 37]
win [[13, 15, 22]] [3, 13, 19, 21, 35]
win [[13, 15, 22]] [1, 3, 10, 15, 30]
lose [[13, 15, 20]] [3, 10, 11, 25, 29]
lose [[13, 15, 20]] [3, 9, 12, 30, 33]
lose [[3, 13, 15], [10, 13, 15], [13, 15, 26], [13, 15, 31]] [7, 16, 20, 35, 38]
win [[3, 13, 15]] [4, 9, 10, 15, 34]
lose [[3, 13, 15]] [8, 14, 29, 32, 34]
lose [[3, 13, 15]] [7, 10, 19, 28, 29]
win [[3, 13, 15]] [3, 12, 15, 30, 39]
lose [[3, 10, 20], [10, 13, 20], [10, 13, 30]] [1, 13, 14, 30, 38]
lose [[3, 10, 20]] [6, 23, 24, 38, 39]
lose [[3, 7, 30]] [8, 23, 27, 31, 32]
lose [[3, 10, 38], [3, 15, 38], [10, 30, 38]] [17, 18, 26, 28, 33]
lose [[3, 10, 38]] [14, 23, 26, 33, 37]
lose [[3, 10, 38], [10, 30, 38]] [2, 7, 9, 19, 28]
lose [[10, 23, 30], [10, 33, 38], [23, 29, 30], [29, 33, 38]] [4, 15, 18, 27, 34]
win [[7, 23, 30], [23, 28, 30]] [6, 14, 23, 34, 38]
lose [[14, 15, 28], [15, 23, 28], [23, 28, 34], [7, 14, 15], [7, 15, 23], [7, 23, 34], [15, 28, 38], [28, 34, 38]] [9, 14, 15, 23, 28]
lose [[23, 28, 34]] [6, 7, 24, 25, 36]
lose [[14, 23, 28]] [9, 11, 12, 27, 36]
win [[7, 15, 23], [15, 23, 28], [23, 28, 30]] [2, 7, 19, 23, 28]
win [[23, 27, 28]] [5, 14, 23, 29, 34]
win [[23, 27, 28]] [5, 11, 23, 30, 32]
win [[23, 27, 28]] [6, 7, 9, 24, 27]
lose [[23, 27, 28]] [1, 13, 17, 26, 31]
lose [[7, 23, 27], [23, 27, 28]] [2, 4, 10, 13, 37]
lose [[7, 23, 27]] [13, 16, 33, 35, 36]
lose [[7, 23, 27]] [11, 14, 19, 30, 39]
lose [[13, 23, 27]] [1, 17, 19, 31, 34]
lose [[6, 13, 23], [7, 13, 23], [9, 13, 23], [11, 13, 23], [13, 23, 36]] [11, 15, 22, 25, 34]
lose [[7, 13, 23], [9, 13, 23], [11, 13, 23], [13, 19, 23], [13, 23, 36], [19, 23, 36]] [6, 17, 18, 20, 37]
lose [[7, 11, 13]] [12, 16, 20, 21, 34]
lose [[11, 13, 17], [11, 13, 19], [11, 13, 23], [11, 13, 34], [11, 17, 23]] [4, 10, 23, 28, 29]
lose [[11, 13, 34], [13, 19, 34], [13, 23, 34]] [10, 24, 27, 36, 37]
lose [[11, 13, 34], [13, 23, 34]] [6, 8, 14, 23, 31]
win [[10, 11, 17]] [11, 13, 31, 35, 39]
win [[6, 10, 34], [6, 13, 34]] [6, 12, 31, 33, 39]
win [[10, 11, 31], [10, 13, 34], [10, 31, 34], [11, 31, 37], [13, 34, 37], [31, 34, 37]] [2, 16, 17, 21, 31]
lose [[10, 11, 31], [10, 31, 34], [11, 31, 37], [31, 34, 37]] [3, 9, 18, 21, 39]
lose [[11, 16, 31]] [5, 8, 10, 17, 28]
lose [[31, 34, 39]] [1, 9, 12, 18, 20]
lose [[10, 21, 31], [10, 31, 34]] [4, 14, 23, 25, 38]
lose [[10, 18, 31], [10, 20, 31]] [3, 14, 21, 23, 36]
win [[10, 18, 31], [10, 20, 31]] [10, 24, 26, 36, 39]
win [[10, 21, 31]] [6, 11, 17, 20, 21]
lose [[10, 23, 31], [10, 23, 39]] [1, 4, 16, 25, 37]
lose [[10, 21, 31]] [1, 12, 18, 26, 32]
win [[14, 17, 39], [17, 23, 39]] [20, 26, 32, 35, 39]
lose [[1, 21, 39]] [4, 6, 10, 25, 38]
win [[1, 21, 39]] [1, 3, 5, 28, 39]
lose [[1, 10, 21], [4, 21, 26], [21, 25, 26]] [14, 15, 19, 24, 34]
lose [[1, 10, 21]] [4, 11, 14, 17, 19]
win [[1, 10, 14]] [10, 12, 27, 30, 39]
win [[1, 14, 20], [1, 14, 26], [1, 14, 39]] [3, 14, 19, 20, 21]
lose [[4, 14, 39]] [1, 2, 8, 13, 37]
win [[1, 14, 39], [4, 14, 39]] [1, 2, 12, 13, 30]
lose [[1, 14, 39], [1, 19, 39]] [9, 19, 21, 33, 38]
lose [[1, 14, 39], [1, 19, 39], [1, 4, 20], [1, 14, 20], [1, 19, 20]] [9, 12, 18, 26, 37]
win [[1, 19, 39]] [3, 4, 19, 26, 29]
lose [[1, 12, 19]] [3, 18, 26, 34, 35]
lose [[1, 12, 19], [1, 19, 26], [1, 19, 39], [12, 19, 39]] [8, 13, 16, 23, 29]
win [[3, 12, 19]] [3, 5, 8, 18, 34]
lose [[3, 12, 19], [3, 13, 19]] [29, 31, 32, 35, 39]
lose [[8, 12, 19], [13, 18, 19]] [24, 27, 33, 38, 39]
lose [[8, 12, 19], [13, 18, 19]] [2, 4, 5, 18, 22]
lose [[3, 13, 39]] [1, 4, 8, 16, 26]
win [[13, 18, 19]] [3, 9, 10, 18, 31]
lose [[1, 18, 29]] [6, 10, 13, 14, 38]
lose [[18, 29, 33], [18, 29, 38], [1, 18, 29]] [2, 3, 11, 27, 28]
lose [[18, 29, 38]] [6, 7, 9, 11, 26]
lose [[18, 27, 29], [18, 29, 38]] [8, 10, 22, 23, 36]
lose [[3, 13, 26], [3, 26, 29], [3, 26, 38], [3, 26, 39], [18, 26, 29]] [4, 16, 22, 30, 34]
lose [[3, 6, 8], [3, 8, 38], [3, 8, 39], [6, 8, 18], [8, 11, 18], [8, 18, 27], [8, 18, 38], [8, 18, 39]] [1, 4, 15, 29, 35]
win [[3, 4, 8], [3, 8, 22], [4, 8, 10]] [3, 28, 33, 36, 39]
lose [[3, 4, 10]] [5, 13, 19, 33, 38]
win [[4, 10, 39]] [10, 15, 16, 26, 37]
win [[3, 4, 38], [4, 10, 33]] [1, 3, 5, 9, 25]
win [[3, 4, 10]] [1, 5, 10, 31, 36]
lose [[3, 4, 10]] [15, 22, 27, 30, 38]
win [[3, 4, 10]] [3, 9, 29, 36, 39]
lose [[3, 10, 15], [3, 10, 22], [3, 10, 38]] [11, 23, 26, 33, 35]
win [[3, 15, 36]] [3, 6, 7, 33, 37]
lose [[5, 15, 36], [15, 33, 36], [1, 26, 36], [5, 26, 36], [9, 15, 36], [15, 26, 36], [22, 26, 36]] [4, 16, 17, 18, 19]
lose [[15, 33, 36]] [5, 12, 24, 27, 37]
lose [[1, 16, 33]] [4, 5, 26, 37, 39]
win [[3, 5, 15], [5, 15, 33]] [3, 4, 17, 25, 35]
win [[3, 5, 26]] [3, 19, 23, 27, 31]
lose [[3, 5, 26]] [2, 12, 30, 35, 36]
lose [[3, 5, 26]] [6, 19, 25, 37, 39]
win [[3, 5, 35]] [17, 31, 33, 34, 35]
win [[3, 35, 37], [3, 36, 37]] [13, 17, 36, 37, 38]
win [[3, 35, 37]] [1, 14, 19, 27, 37]
lose [[3, 35, 37]] [1, 21, 24, 27, 38]
lose [[19, 35, 37]] [1, 2, 6, 13, 18]
lose [[17, 27, 37]] [12, 20, 21, 25, 30]
win [[17, 27, 37]] [2, 17, 22, 30, 36]
win [[27, 35, 37]] [8, 16, 19, 21, 37]
win [[1, 17, 37], [2, 17, 37], [17, 27, 37], [17, 30, 37]] [24, 26, 28, 37, 39]
lose [[1, 17, 19], [2, 17, 19], [17, 19, 21], [17, 19, 30]] [2, 25, 28, 32, 34]
win [[1, 30, 37], [2, 21, 37], [2, 27, 37], [27, 30, 37]] [3, 8, 13, 17, 37]
win [[2, 21, 37]] [9, 15, 27, 37, 38]
lose [[2, 21, 37]] [4, 11, 16, 20, 22]
win [[2, 21, 37]] [2, 5, 22, 32, 35]
lose [[2, 21, 37]] [15, 17, 28, 35, 38]
lose [[2, 21, 37]] [9, 11, 14, 30, 35]
lose [[2, 21, 37], [2, 37, 38]] [4, 12, 20, 22, 34]
lose [[2, 30, 37], [2, 35, 37]] [4, 9, 15, 18, 29]
win [[22, 28, 37], [22, 35, 37], [22, 30, 37]] [22, 23, 31, 33, 36]
win [[9, 22, 37], [15, 22, 37], [22, 28, 37], [22, 35, 37]] [11, 12, 16, 22, 29]
lose [[9, 22, 37], [15, 22, 37], [22, 28, 37], [22, 35, 37]] [1, 7, 11, 14, 29]
lose [[9, 22, 28]] [4, 20, 23, 32, 38]
win [[11, 15, 22]] [3, 6, 7, 11, 22]
win [[11, 15, 22], [11, 22, 38]] [3, 5, 11, 16, 23]
lose [[11, 15, 22], [11, 22, 38]] [7, 8, 19, 20, 31]
lose [[4, 11, 22]] [2, 5, 13, 25, 33]
win [[4, 11, 22], [11, 20, 22]] [5, 10, 22, 32, 38]
lose [[4, 11, 31], [4, 11, 33], [11, 20, 33], [11, 15, 20]] [5, 6, 7, 20, 22]
lose [[4, 11, 22], [11, 20, 22]] [6, 8, 13, 35, 36]
lose [[11, 20, 22]] [6, 7, 14, 30, 35]
lose [[5, 7, 22], [7, 22, 23], [11, 20, 22], [5, 22, 29]] [8, 14, 16, 32, 38]
lose [[5, 7, 22], [7, 22, 23]] [10, 11, 14, 26, 32]
lose [[5, 7, 8], [5, 7, 32], [5, 7, 38], [5, 7, 16], [7, 11, 32], [7, 11, 38]] [2, 16, 17, 26, 33]
lose [[5, 7, 32]] [19, 21, 26, 31, 37]
win [[5, 6, 32], [5, 7, 32]] [3, 4, 5, 9, 10]
win [[5, 6, 26], [5, 7, 26]] [6, 11, 24, 32, 37]
lose [[5, 8, 26]] [13, 17, 21, 25, 28]
lose [[5, 6, 26]] [2, 19, 29, 30, 39]
lose [[5, 6, 26]] [11, 18, 23, 27, 37]
lose [[6, 26, 32]] [10, 21, 33, 35, 38]
lose [[6, 11, 26], [6, 14, 26], [6, 14, 37], [6, 26, 32], [6, 26, 37]] [18, 20, 28, 30, 37]
win [[10, 14, 37], [11, 14, 21], [14, 21, 37], [6, 10, 21], [6, 10, 26], [6, 10, 37], [6, 11, 21], [6, 14, 21], [6, 21, 26], [6, 21, 32], [10, 35, 37], [11, 21, 35], [11, 26, 35], [14, 35, 37], [21, 32, 35], [26, 32, 35], [26, 35, 37], [32, 35, 37]] [9, 14, 22, 27, 39]
lose [[10, 14, 37], [10, 30, 37], [14, 21, 37]] [4, 11, 17, 20, 32]
lose [[10, 14, 37], [14, 21, 37]] [3, 9, 27, 30, 33]
win [[10, 17, 37]] [21, 22, 25, 30, 37]
win [[9, 17, 37]] [1, 5, 21, 32, 37]
win [[9, 21, 37]] [11, 27, 28, 29, 37]
win [[9, 21, 37]] [10, 11, 14, 21, 33]
lose [[11, 21, 30]] [1, 16, 33, 37, 39]
lose [[11, 21, 30], [21, 27, 30]] [7, 22, 35, 38, 39]
lose [[33, 37, 39]] [9, 17, 19, 23, 27]
lose [[22, 33, 37]] [3, 6, 15, 19, 24]
win [[21, 27, 37], [27, 33, 37]] [15, 23, 34, 36, 37]
lose [[9, 11, 37], [11, 27, 37]] [1, 3, 12, 23, 31]
lose [[9, 11, 37], [11, 27, 37]] [14, 20, 27, 33, 38]
win [[3, 11, 37]] [1, 3, 10, 11, 35]
win [[3, 27, 37], [3, 33, 37], [23, 33, 37]] [2, 5, 9, 27, 29]
lose [[3, 27, 37], [3, 33, 37]] [10, 17, 32, 38, 39]
win [[3, 27, 37]] [10, 27, 31, 32, 33]
win [[3, 27, 39]] [2, 3, 13, 17, 35]
lose [[3, 27, 39]] [15, 20, 28, 36, 37]
win [[3, 27, 39]] [3, 15, 17, 25, 36]
lose [[3, 15, 27], [3, 27, 38]] [8, 16, 18, 19, 35]
lose [[3, 15, 27]] [4, 12, 29, 33, 36]
lose [[3, 15, 27]] [1, 14, 32, 34, 36]
lose [[3, 27, 36]] [6, 9, 12, 22, 31]
lose [[3, 27, 36]] [1, 8, 9, 30, 35]
lose [[27, 35, 36]] [1, 3, 18, 22, 28]
win [[9, 35, 36], [10, 35, 36], [32, 35, 36]] [3, 11, 21, 23, 36]
win [[32, 35, 36], [3, 9, 36], [9, 17, 36], [9, 32, 36], [9, 35, 36]] [6, 10, 21, 32, 38]
lose [[32, 35, 36]] [10, 17, 19, 29, 37]
win [[32, 35, 36]] [10, 22, 26, 32, 33]
lose [[6, 35, 36], [10, 35, 36], [22, 35, 36]] [14, 20, 21, 23, 34]
lose [[1, 10, 36], [10, 22, 36]] [12, 15, 16, 23, 28]
lose [[1, 10, 36], [10, 22, 36], [21, 22, 36]] [6, 13, 16, 32, 39]
lose [[1, 10, 23], [1, 10, 12], [1, 12, 21]] [6, 11, 15, 28, 31]
lose [[1, 23, 32], [22, 23, 32], [1, 12, 32], [12, 21, 32], [12, 23, 32]] [20, 25, 31, 35, 38]
win [[1, 6, 23]] [6, 20, 22, 36, 37]
lose [[6, 10, 23], [6, 22, 23]] [3, 18, 19, 21, 22]
win [[6, 10, 23], [6, 22, 23]] [6, 8, 22, 29, 38]
win [[6, 22, 23]] [23, 24, 28, 30, 31]
lose [[6, 22, 23]] [4, 16, 27, 30, 37]
lose [[6, 22, 23]] [2, 4, 15, 17, 30]
win [[16, 22, 31]] [7, 11, 16, 34, 36]
win [[16, 22, 31]] [12, 18, 31, 38, 39]
lose [[16, 22, 31]] [5, 9, 17, 24, 25]
lose [[16, 22, 31]] [21, 26, 29, 30, 34]
lose [[16, 22, 31]] [1, 3, 4, 35, 37]
lose [[22, 30, 31]] [3, 5, 12, 15, 33]
lose [[22, 30, 31], [22, 30, 38], [30, 37, 38]] [1, 3, 15, 18, 35]
lose [[3, 22, 30]] [2, 7, 10, 15, 33]
lose [[3, 30, 38]] [23, 25, 29, 31, 32]
win [[15, 30, 38]] [11, 27, 30, 31, 38]
lose [[15, 30, 31]] [7, 14, 28, 29, 38]
win [[15, 30, 31]] [7, 15, 22, 26, 37]
lose [[7, 15, 31], [15, 29, 31], [15, 29, 38]] [5, 12, 13, 21, 36]
lose [[3, 7, 31]] [17, 19, 29, 36, 37]
win [[5, 15, 29], [5, 15, 31], [5, 15, 38], [12, 15, 29], [15, 29, 31], [15, 29, 38]] [1, 3, 5, 19, 38]
lose [[5, 15, 29]] [26, 34, 36, 37, 39]
lose [[3, 15, 29]] [9, 19, 23, 36, 38]
lose [[15, 37, 38]] [2, 6, 20, 23, 36]
win [[15, 36, 38]] [8, 11, 15, 20, 36]
win [[15, 36, 38]] [5, 10, 27, 37, 38]
win [[7, 36, 38], [15, 36, 38]] [2, 8, 16, 18, 36]
win [[36, 37, 38]] [12, 21, 23, 38, 39]
win [[36, 37, 38]] [8, 12, 22, 35, 36]
lose [[36, 37, 38]] [18, 19, 22, 26, 28]
lose [[36, 37, 38]] [7, 8, 9, 14, 34]
lose [[19, 36, 38]] [2, 6, 16, 27, 39]
lose [[8, 36, 38]] [11, 16, 18, 19, 25]
win [[8, 36, 38]] [10, 16, 26, 38, 39]
lose [[16, 36, 38], [18, 36, 38], [18, 36, 39], [19, 36, 39]] [5, 24, 29, 34, 35]
lose [[16, 36, 38]] [1, 2, 4, 13, 27]
win [[8, 16, 38], [16, 36, 38]] [7, 11, 12, 24, 38]
win [[8, 16, 27], [8, 16, 38]] [7, 17, 27, 28, 33]
lose [[8, 16, 38]] [4, 11, 20, 34, 36]
win [[7, 12, 16], [12, 16, 27]] [5, 7, 30, 35, 38]
lose [[12, 16, 34], [12, 27, 34], [27, 34, 38]] [10, 21, 23, 27, 30]
win [[7, 16, 34], [7, 16, 35]] [1, 10, 16, 26, 29]
lose [[27, 34, 38]] [11, 12, 18, 23, 24]
lose [[7, 16, 27]] [2, 12, 15, 24, 35]
lose [[11, 16, 27]] [5, 9, 14, 20, 33]
win [[10, 11, 35], [11, 27, 35], [16, 24, 27]] [4, 10, 12, 23, 26]
win [[5, 24, 27], [5, 10, 24], [7, 10, 24], [10, 24, 27], [24, 27, 38]] [1, 3, 6, 21, 27]
win [[5, 12, 27]] [8, 14, 22, 27, 35]
lose [[5, 12, 27], [12, 20, 27]] [1, 13, 31, 34, 35]
lose [[5, 12, 27], [12, 20, 27]] [4, 7, 15, 22, 30]
win [[10, 27, 35], [12, 27, 35], [23, 27, 35]] [3, 9, 21, 27, 36]
lose [[1, 23, 35], [1, 4, 35], [4, 10, 35], [4, 23, 35], [4, 27, 35]] [12, 21, 24, 25, 39]
lose [[10, 27, 35], [12, 27, 35], [23, 27, 35]] [2, 3, 21, 26, 30]
lose [[1, 12, 27]] [13, 15, 18, 19, 33]
lose [[12, 21, 35], [1, 12, 21]] [1, 3, 10, 14, 31]
lose [[12, 15, 21], [12, 21, 35]] [1, 2, 9, 19, 31]
lose [[14, 15, 21]] [3, 9, 10, 13, 17]
win [[1, 14, 21]] [6, 17, 21, 26, 28]
win [[1, 3, 15], [1, 3, 22], [1, 13, 21], [1, 3, 4], [1, 3, 12], [1, 10, 21]] [15, 28, 35, 36, 39]
win [[1, 13, 21]] [6, 13, 15, 25, 28]
win [[1, 15, 21], [15, 21, 31]] [2, 10, 21, 22, 38]
lose [[1, 15, 21], [15, 21, 31]] [3, 12, 20, 34, 35]
lose [[3, 15, 21]] [6, 14, 20, 28, 35]
lose [[3, 15, 21]] [17, 18, 32, 35, 37]
win [[3, 21, 28]] [3, 6, 10, 17, 28]
lose [[2, 3, 28]] [16, 20, 21, 22, 25]
win [[10, 28, 35]] [10, 14, 25, 31, 36]
lose [[10, 28, 35]] [9, 15, 22, 34, 36]
win [[10, 28, 35]] [4, 10, 12, 21, 27]
lose [[10, 28, 35]] [3, 7, 12, 17, 37]
lose [[10, 28, 35], [21, 28, 35]] [9, 24, 32, 36, 39]
win [[10, 15, 35], [10, 22, 35], [10, 25, 35]] [3, 6, 13, 28, 35]
lose [[10, 17, 20], [10, 20, 36], [10, 22, 35], [10, 35, 36], [10, 25, 35]] [5, 6, 11, 16, 37]
lose [[10, 22, 35], [10, 35, 36]] [2, 7, 13, 18, 28]
win [[6, 12, 36]] [12, 28, 31, 35, 39]
lose [[28, 36, 37]] [4, 9, 18, 25, 39]
win [[28, 36, 37]] [12, 13, 16, 26, 37]
lose [[9, 10, 28], [9, 12, 28], [9, 25, 28], [12, 25, 28], [12, 28, 36], [25, 28, 36]] [5, 6, 11, 31, 35]
win [[9, 12, 13], [9, 12, 28], [12, 13, 36], [12, 28, 36], [9, 12, 16], [9, 12, 25], [12, 13, 25], [12, 16, 36], [12, 25, 28], [12, 25, 36]] [1, 12, 31, 38, 39]
lose [[6, 9, 12], [6, 12, 36]] [1, 7, 11, 15, 29]
lose [[6, 9, 12]] [4, 14, 33, 36, 37]
lose [[6, 12, 39], [11, 12, 39]] [7, 11, 18, 20, 22]
win [[6, 37, 39], [7, 37, 39], [11, 37, 39], [13, 37, 39], [28, 37, 39], [35, 37, 39]] [4, 6, 14, 26, 33]
lose [[11, 13, 39]] [9, 10, 21, 33, 35]
lose [[4, 11, 12], [4, 11, 13], [4, 11, 28], [6, 7, 12], [6, 7, 39], [6, 12, 18], [11, 13, 39]] [14, 19, 27, 30, 38]
win [[4, 11, 12], [11, 12, 33], [11, 33, 39]] [5, 10, 11, 32, 37]
lose [[4, 11, 12], [11, 12, 14], [11, 12, 33], [11, 14, 39], [11, 33, 39], [4, 7, 12], [4, 7, 31], [4, 7, 35], [7, 12, 14], [7, 12, 33], [7, 14, 31], [7, 14, 35], [7, 14, 39], [7, 31, 33], [7, 33, 39], [12, 14, 18], [12, 18, 33], [14, 18, 31], [14, 18, 35], [18, 31, 33]] [3, 5, 28, 32, 34]
lose [[4, 11, 12], [11, 12, 14], [11, 12, 33], [11, 14, 39], [11, 33, 39]] [1, 3, 16, 24, 31]
win [[11, 33, 38], [11, 12, 14], [11, 12, 33], [4, 11, 12], [4, 11, 38], [9, 11, 14], [11, 14, 39], [11, 33, 39]] [11, 13, 15, 23, 29]
win [[1, 11, 14], [1, 11, 33], [11, 14, 31], [11, 31, 33]] [14, 23, 26, 27, 34]
lose [[1, 11, 14], [1, 11, 33], [11, 14, 31], [11, 31, 33]] [5, 16, 22, 26, 39]
win [[1, 11, 14]] [1, 15, 32, 34, 38]
win [[5, 11, 14]] [5, 13, 14, 17, 24]
lose [[5, 11, 14], [11, 14, 32], [11, 14, 34]] [16, 23, 29, 36, 39]
lose [[5, 11, 14]] [1, 7, 9, 20, 32]
win [[14, 16, 32]] [2, 9, 32, 36, 37]
win [[1, 5, 23], [14, 16, 32]] [8, 12, 13, 23, 36]
lose [[14, 16, 32]] [4, 20, 24, 28, 38]
lose [[5, 23, 32]] [6, 10, 21, 24, 31]
win [[23, 24, 32]] [7, 11, 17, 23, 25]
lose [[23, 24, 32]] [3, 4, 6, 14, 20]
lose [[23, 24, 32]] [3, 11, 20, 21, 36]
lose [[23, 24, 32]] [1, 4, 27, 34, 35]
win [[20, 24, 36]] [11, 19, 24, 31, 32]
lose [[1, 24, 36]] [18, 19, 30, 33, 38]
lose [[20, 24, 36]] [3, 13, 26, 32, 34]
win [[20, 24, 36]] [14, 19, 20, 29, 32]
lose [[4, 11, 32], [4, 32, 36], [20, 23, 32]] [3, 12, 17, 30, 38]
lose [[4, 11, 32], [4, 32, 36], [20, 23, 32]] [1, 2, 17, 20, 37]
lose [[3, 4, 19], [3, 19, 24]] [5, 8, 35, 36, 37]
lose [[3, 19, 20], [3, 20, 24]] [2, 8, 26, 32, 34]
lose [[3, 17, 19]] [2, 9, 15, 29, 38]
lose [[3, 17, 32], [17, 20, 32]] [2, 10, 11, 14, 22]
win [[20, 32, 38]] [12, 13, 16, 20, 32]
lose [[2, 3, 19]] [10, 12, 15, 16, 23]
lose [[2, 32, 38]] [1, 21, 22, 25, 27]
win [[2, 12, 32], [2, 32, 38]] [3, 13, 17, 32, 39]
win [[2, 12, 32], [2, 32, 38]] [25, 26, 32, 36, 37]
win [[2, 12, 32]] [2, 21, 37, 38, 39]
lose [[2, 12, 32]] [15, 18, 27, 28, 31]
win [[2, 12, 32], [2, 12, 37]] [12, 16, 25, 27, 39]
win [[2, 15, 32]] [2, 17, 26, 33, 35]
lose [[2, 27, 32]] [8, 11, 17, 19, 23]
lose [[2, 27, 32]] [3, 15, 16, 20, 22]
lose [[2, 27, 32]] [4, 20, 25, 33, 34]
lose [[16, 17, 25], [16, 17, 27], [2, 16, 17], [2, 16, 25], [2, 16, 27], [2, 16, 32], [16, 17, 22]] [9, 12, 15, 26, 33]
win [[16, 17, 25]] [17, 18, 23, 24, 28]
lose [[15, 17, 25]] [4, 21, 24, 33, 35]
win [[15, 17, 25]] [11, 17, 20, 22, 29]
lose [[15, 17, 25]] [2, 13, 31, 33, 36]
lose [[15, 17, 25]] [1, 9, 14, 31, 33]
lose [[15, 17, 33]] [1, 2, 13, 23, 37]
win [[15, 17, 33]] [8, 17, 18, 19, 36]
win [[20, 23, 33], [16, 17, 33]] [16, 21, 23, 29, 30]
lose [[17, 20, 33], [17, 23, 33]] [1, 19, 22, 25, 37]
lose [[17, 23, 33]] [7, 24, 26, 34, 36]
lose [[22, 23, 33]] [8, 10, 26, 28, 37]
win [[1, 17, 33], [17, 23, 33], [23, 33, 36]] [5, 17, 24, 33, 34]
lose [[17, 33, 37]] [14, 19, 24, 30, 36]
lose [[17, 33, 37]] [1, 11, 27, 29, 31]
lose [[33, 36, 37]] [6, 20, 26, 30, 34]
lose [[1, 17, 36], [1, 29, 36]] [7, 11, 12, 37, 38]
lose [[1, 26, 36], [1, 30, 36], [1, 34, 36]] [2, 3, 21, 23, 34]
win [[1, 24, 37], [1, 30, 37], [1, 34, 37], [1, 36, 37]] [1, 9, 17, 18, 39]
lose [[19, 34, 37], [30, 34, 37], [34, 36, 37]] [11, 12, 18, 20, 36]
win [[1, 34, 37], [1, 30, 34], [30, 34, 37], [1, 19, 34], [1, 34, 36], [17, 34, 37], [19, 34, 37], [34, 36, 37]] [1, 11, 15, 18, 37]
win [[1, 11, 34], [1, 34, 36], [1, 34, 37], [11, 34, 37], [34, 36, 37], [1, 30, 34], [11, 30, 34], [30, 34, 37]] [1, 12, 14, 24, 30]
lose [[1, 11, 34], [1, 34, 37], [11, 34, 37]] [2, 4, 16, 29, 38]
lose [[1, 11, 34], [11, 24, 34]] [12, 18, 36, 37, 38]
lose [[1, 11, 34]] [12, 24, 27, 30, 35]
win [[1, 12, 34]] [1, 19, 22, 24, 38]
win [[1, 12, 30], [11, 18, 30]] [11, 12, 26, 27, 32]
lose [[1, 2, 12], [1, 12, 34]] [6, 7, 11, 17, 36]
win [[1, 2, 12], [1, 12, 34]] [1, 6, 12, 29, 37]
lose [[1, 2, 12]] [4, 5, 16, 19, 30]
win [[1, 2, 12]] [2, 9, 13, 19, 28]
win [[1, 4, 12], [1, 12, 16]] [2, 7, 8, 10, 12]
lose [[11, 12, 19]] [1, 21, 28, 38, 39]
win [[11, 12, 19]] [8, 12, 24, 28, 34]
0.392 498 195
