win [[8, 10, 25], [8, 25, 38]] [12, 14, 25, 30, 34]
win [[8, 10, 25], [8, 12, 25]] [8, 18, 29, 31, 36]
lose [[8, 29, 36], [8, 10, 29]] [10, 30, 35, 38, 39]
lose [[6, 30, 34]] [2, 8, 18, 22, 29]
lose [[8, 18, 29]] [23, 26, 31, 34, 35]
win [[26, 29, 31], [26, 31, 34]] [4, 8, 12, 23, 29]
win [[4, 8, 29], [4, 26, 29], [26, 29, 31], [26, 31, 34]] [4, 7, 11, 12, 29]
win [[4, 12, 29]] [4, 6, 26, 28, 39]
win [[4, 12, 29], [4, 26, 29]] [6, 12, 18, 34, 39]
win [[4, 12, 29], [4, 26, 29]] [1, 3, 12, 28, 34]
lose [[4, 12, 29]] [5, 6, 15, 19, 25]
win [[4, 12, 29]] [8, 12, 14, 28, 35]
win [[12, 28, 34]] [4, 12, 13, 14, 22]
lose [[12, 14, 28], [12, 28, 34]] [6, 8, 16, 19, 31]
lose [[12, 14, 28], [12, 28, 34]] [1, 5, 15, 19, 20]
lose [[5, 15, 19]] [6, 10, 12, 33, 36]
win [[5, 15, 19]] [2, 16, 19, 24, 27]
lose [[13, 15, 28]] [22, 32, 35, 38, 39]
lose [[13, 15, 28]] [4, 17, 25, 26, 34]
lose [[13, 15, 28]] [7, 27, 30, 31, 39]
win [[2, 17, 37]] [7, 11, 13, 17, 27]
lose [[2, 17, 37]] [8, 11, 12, 16, 30]
lose [[2, 17, 37]] [4, 6, 27, 38, 39]
lose [[2, 17, 37]] [5, 21, 31, 33, 38]
lose [[2, 17, 37]] [6, 8, 23, 27, 33]
lose [[11, 16, 17]] [26, 30, 32, 36, 37]
win [[15, 22, 24]] [9, 15, 25, 26, 33]
win [[5, 17, 27]] [5, 12, 33, 36, 38]
win [[5, 17, 27]] [8, 19, 27, 34, 37]
lose [[5, 27, 37]] [6, 10, 24, 33, 35]
lose [[5, 27, 37]] [6, 10, 11, 32, 39]
win [[6, 10, 32]] [16, 32, 36, 37, 39]
lose [[6, 10, 32], [10, 32, 39]] [7, 13, 18, 25, 39]
lose [[6, 10, 32], [10, 32, 39]] [2, 21, 26, 27, 35]
win [[6, 10, 32], [10, 32, 39]] [9, 10, 16, 21, 26]
lose [[9, 10, 32], [10, 32, 39]] [6, 7, 22, 23, 33]
lose [[27, 31, 38]] [6, 25, 30, 34, 36]
win [[27, 31, 38]] [1, 5, 6, 37, 38]
lose [[11, 17, 31]] [15, 20, 33, 34, 39]
lose [[10, 21, 29]] [3, 13, 22, 32, 39]
win [[10, 21, 29]] [7, 10, 11, 36, 39]
lose [[10, 21, 29]] [6, 8, 22, 32, 38]
win [[5, 26, 34]] [3, 7, 27, 29, 34]
lose [[3, 27, 29]] [2, 4, 13, 23, 36]
lose [[5, 26, 34], [7, 26, 34]] [11, 12, 25, 31, 37]
lose [[3, 27, 34]] [5, 6, 7, 8, 24]
win [[27, 34, 36]] [1, 10, 24, 28, 34]
lose [[27, 34, 36]] [10, 15, 25, 31, 39]
win [[27, 34, 36]] [10, 14, 34, 35, 38]
lose [[8, 10, 34], [10, 16, 34]] [14, 16, 18, 20, 33]
lose [[10, 16, 34]] [6, 7, 13, 22, 29]
lose [[10, 14, 34]] [5, 12, 15, 20, 21]
lose [[12, 28, 39]] [14, 26, 27, 29, 35]
lose [[1, 4, 19]] [12, 14, 20, 25, 37]
win [[1, 4, 19]] [8, 16, 19, 21, 22]
win [[13, 31, 37]] [10, 13, 18, 37, 39]
win [[13, 18, 37]] [3, 13, 19, 21, 35]
win [[15, 18, 37], [13, 18, 37]] [1, 3, 10, 15, 30]
lose [[13, 18, 37]] [3, 10, 11, 25, 29]
lose [[3, 10, 30], [3, 15, 30]] [7, 16, 20, 35, 38]
win [[3, 10, 30], [3, 15, 30]] [4, 9, 10, 15, 34]
lose [[3, 10, 15], [3, 10, 30]] [8, 14, 29, 32, 34]
win [[3, 10, 15], [3, 10, 30]] [7, 10, 19, 28, 29]
win [[3, 12, 30]] [1, 13, 14, 30, 38]
win [[14, 23, 28]] [5, 14, 23, 29, 34]
win [[14, 23, 34]] [5, 11, 23, 30, 32]
lose [[5, 14, 23], [14, 23, 28]] [6, 7, 9, 24, 27]
lose [[6, 7, 24]] [1, 13, 17, 26, 31]
lose [[1, 17, 31]] [11, 15, 22, 25, 34]
win [[1, 17, 31]] [6, 17, 18, 20, 37]
win [[6, 31, 39]] [2, 16, 17, 21, 31]
win [[6, 31, 39]] [3, 9, 18, 21, 39]
lose [[6, 31, 39]] [5, 8, 10, 17, 28]
lose [[6, 31, 39]] [1, 9, 12, 18, 20]
lose [[26, 32, 39]] [4, 6, 10, 25, 38]
win [[26, 32, 39]] [1, 3, 5, 28, 39]
lose [[1, 2, 13]] [9, 19, 21, 33, 38]
lose [[1, 2, 13]] [9, 12, 18, 26, 37]
lose [[1, 2, 13]] [3, 4, 19, 26, 29]
lose [[1, 2, 13]] [3, 18, 26, 34, 35]
win [[1, 2, 13]] [8, 13, 16, 23, 29]
win [[3, 18, 26]] [3, 5, 8, 18, 34]
lose [[3, 18, 34], [3, 18, 26]] [29, 31, 32, 35, 39]
lose [[3, 18, 34], [3, 18, 26]] [24, 27, 33, 38, 39]
win [[3, 18, 34]] [2, 4, 5, 18, 22]
lose [[3, 18, 34]] [1, 4, 8, 16, 26]
lose [[3, 5, 18]] [6, 10, 13, 14, 38]
lose [[5, 37, 39]] [17, 31, 33, 34, 35]
win [[19, 27, 37]] [1, 21, 24, 27, 38]
win [[4, 20, 22]] [4, 9, 15, 18, 29]
win [[4, 20, 22]] [22, 23, 31, 33, 36]
lose [[11, 14, 29]] [4, 20, 23, 32, 38]
win [[7, 11, 22], [7, 11, 29], [11, 22, 29]] [3, 5, 11, 16, 23]
lose [[3, 7, 11]] [5, 10, 22, 32, 38]
win [[6, 7, 22]] [6, 8, 13, 35, 36]
lose [[6, 7, 35], [6, 7, 20]] [8, 14, 16, 32, 38]
lose [[6, 7, 35]] [10, 11, 14, 26, 32]
lose [[10, 14, 32], [14, 32, 38], [6, 7, 35], [10, 32, 38]] [2, 16, 17, 26, 33]
lose [[6, 7, 35]] [19, 21, 26, 31, 37]
lose [[11, 14, 32]] [13, 17, 21, 25, 28]
lose [[11, 18, 37]] [9, 14, 22, 27, 39]
win [[21, 30, 37]] [11, 27, 28, 29, 37]
lose [[1, 21, 37]] [7, 22, 35, 38, 39]
lose [[1, 21, 37]] [9, 17, 19, 23, 27]
win [[6, 10, 32]] [6, 11, 15, 28, 31]
lose [[1, 3, 35]] [2, 7, 10, 15, 33]
lose [[1, 3, 35]] [23, 25, 29, 31, 32]
lose [[1, 3, 35]] [11, 27, 30, 31, 38]
lose [[1, 3, 35]] [7, 14, 28, 29, 38]
win [[3, 15, 33]] [7, 15, 22, 26, 37]
win [[26, 36, 37]] [9, 19, 23, 36, 38]
win [[19, 36, 38], [26, 36, 37], [19, 36, 37]] [2, 6, 20, 23, 36]
win [[19, 23, 36], [19, 36, 38], [19, 36, 37]] [8, 11, 15, 20, 36]
lose [[20, 23, 36], [19, 23, 36], [19, 36, 38], [19, 36, 37]] [5, 10, 27, 37, 38]
win [[20, 23, 36], [5, 19, 38]] [2, 8, 16, 18, 36]
lose [[2, 8, 36], [8, 20, 36]] [18, 19, 22, 26, 28]
lose [[10, 12, 23], [10, 23, 26], [12, 23, 24]] [1, 3, 6, 21, 27]
lose [[12, 23, 24]] [8, 14, 22, 27, 35]
lose [[12, 23, 24]] [1, 13, 31, 34, 35]
win [[3, 21, 27]] [12, 21, 24, 25, 39]
win [[3, 21, 27]] [2, 3, 21, 26, 30]
lose [[6, 15, 28]] [2, 10, 21, 22, 38]
lose [[6, 15, 28]] [3, 12, 20, 34, 35]
win [[6, 15, 28]] [6, 14, 20, 28, 35]
win [[6, 28, 35], [6, 15, 28]] [17, 18, 32, 35, 37]
win [[6, 28, 35], [20, 28, 35], [6, 15, 28], [15, 28, 35]] [3, 6, 10, 17, 28]
lose [[13, 28, 35]] [4, 9, 18, 25, 39]
win [[13, 28, 35]] [12, 13, 16, 26, 37]
win [[13, 28, 35]] [5, 6, 11, 31, 35]
lose [[5, 6, 11]] [1, 12, 31, 38, 39]
lose [[12, 31, 39]] [1, 7, 11, 15, 29]
lose [[12, 31, 39]] [4, 14, 33, 36, 37]
win [[4, 14, 33]] [9, 10, 21, 33, 35]
win [[4, 14, 33]] [14, 19, 27, 30, 38]
lose [[4, 14, 33]] [5, 10, 11, 32, 37]
lose [[4, 14, 33]] [3, 5, 28, 32, 34]
lose [[1, 9, 32]] [8, 12, 13, 23, 36]
lose [[1, 9, 32]] [4, 20, 24, 28, 38]
win [[3, 4, 20]] [1, 4, 27, 34, 35]
lose [[3, 4, 20]] [11, 19, 24, 31, 32]
lose [[26, 32, 34]] [2, 9, 15, 29, 38]
lose [[9, 31, 33]] [1, 2, 13, 23, 37]
lose [[24, 34, 36]] [1, 11, 27, 29, 31]
win [[24, 34, 36]] [6, 20, 26, 30, 34]
lose [[24, 26, 34], [24, 34, 36]] [7, 11, 12, 37, 38]
win [[1, 11, 18], [11, 18, 37], [11, 12, 18], [11, 12, 37]] [1, 12, 14, 24, 30]
lose [[1, 11, 18], [11, 18, 37], [11, 12, 18], [11, 12, 37]] [2, 4, 16, 29, 38]
win [[1, 11, 18]] [12, 18, 36, 37, 38]
win [[12, 18, 36]] [12, 24, 27, 30, 35]
win [[12, 24, 30], [12, 18, 36]] [1, 19, 22, 24, 38]
win [[12, 24, 30]] [11, 12, 26, 27, 32]
0.43 151 65
